##FastQC	0.12.1
>>Basic Statistics	pass
#Measure	Value
Filename	NA06984_T_RG2_1.fastq.gz
File type	Conventional base calls
Encoding	Sanger / Illumina 1.9
Total Sequences	1126
Total Bases	38.8 kbp
Sequences flagged as poor quality	0
Sequence length	34-38
%GC	51
>>END_MODULE
>>Per base sequence quality	pass
#Base	Mean	Median	Lower Quartile	Upper Quartile	10th Percentile	90th Percentile
1	26.357904085257548	25.0	25.0	31.0	23.0	32.0
2	30.431616341030196	32.0	29.0	35.0	25.0	37.0
3	30.878330373001777	32.0	30.0	36.0	25.0	37.0
4	32.09857904085258	34.0	31.0	37.0	26.0	39.0
5	32.253996447602134	34.0	31.0	37.0	26.0	39.0
6	32.62611012433393	35.0	31.0	38.0	27.0	39.0
7	32.64298401420959	35.0	31.0	38.0	26.0	39.0
8	32.86056838365897	35.0	32.0	38.0	25.0	40.0
9	32.827708703374775	35.0	32.0	38.0	25.0	40.0
10	32.820603907637654	35.0	32.0	38.0	25.0	40.0
11	32.89076376554174	35.0	32.0	38.0	25.0	40.0
12	32.744227353463586	35.0	32.0	38.0	24.0	40.0
13	33.06039076376554	36.0	32.0	39.0	25.0	40.0
14	33.0550621669627	35.0	32.0	39.0	25.0	40.0
15	33.11367673179396	36.0	32.0	39.0	23.0	41.0
16	33.101243339254	35.0	32.0	39.0	26.0	41.0
17	32.97868561278863	35.0	32.0	39.0	24.0	41.0
18	32.86500888099467	35.0	32.0	39.0	24.0	41.0
19	32.791296625222024	36.0	32.0	39.0	21.0	41.0
20	32.84635879218472	35.0	32.0	39.0	21.0	41.0
21	32.820603907637654	36.0	32.0	39.0	21.0	41.0
22	32.297513321492005	35.0	32.0	39.0	15.0	41.0
23	32.39076376554174	35.0	32.0	39.0	19.0	41.0
24	32.28152753108348	35.0	32.0	39.0	15.0	41.0
25	32.238898756660745	35.0	32.0	39.0	15.0	41.0
26	32.38632326820604	35.0	32.0	39.0	14.0	41.0
27	32.254884547069274	35.0	32.0	39.0	9.0	41.0
28	32.04973357015986	35.0	32.0	39.0	13.0	41.0
29	32.03374777975133	35.0	31.0	39.0	9.0	41.0
30	32.05861456483126	35.0	32.0	39.0	4.0	41.0
31	31.611900532859682	35.0	31.0	39.0	2.0	41.0
32	31.69360568383659	35.0	32.0	39.0	2.0	41.0
33	31.595914742451154	35.0	31.0	39.0	2.0	41.0
34	31.108348134991118	35.0	31.0	38.0	2.0	41.0
35	31.943661971830984	34.0	29.0	38.0	23.0	40.0
36	32.570422535211264	35.0	32.0	37.0	22.0	40.0
37	32.15492957746479	34.0	32.0	38.0	22.0	40.0
38	32.19718309859155	35.0	29.0	39.0	21.0	41.0
>>END_MODULE
>>Per sequence quality scores	pass
#Quality	Count
2	52.0
3	2.0
4	2.0
5	2.0
6	3.0
7	1.0
8	3.0
9	2.0
10	4.0
11	0.0
12	1.0
13	1.0
14	4.0
15	5.0
16	5.0
17	2.0
18	4.0
19	3.0
20	4.0
21	4.0
22	6.0
23	7.0
24	7.0
25	9.0
26	10.0
27	16.0
28	19.0
29	27.0
30	18.0
31	47.0
32	40.0
33	59.0
34	110.0
35	224.0
36	263.0
37	137.0
38	22.0
39	1.0
>>END_MODULE
>>Per base sequence content	warn
#Base	G	A	T	C
1	23.357015985790408	28.152753108348133	22.291296625222024	26.19893428063943
2	24.68916518650089	27.797513321492005	21.6696269982238	25.843694493783303
3	24.067495559502664	27.708703374777976	23.712255772646536	24.51154529307282
4	25.932504440497333	25.31083481349911	21.936056838365896	26.820603907637658
5	25.932504440497333	23.8898756660746	24.51154529307282	25.666074600355238
6	27.797513321492005	27.087033747779753	19.982238010657195	25.133214920071044
7	25.399644760213143	27.353463587921844	23.978685612788635	23.26820603907638
8	28.3303730017762	24.24511545293073	21.6696269982238	25.754884547069274
9	26.99822380106572	26.287744227353464	21.04795737122558	25.666074600355238
10	27.797513321492005	26.99822380106572	21.403197158081706	23.80106571936057
11	27.087033747779753	25.399644760213143	22.11367673179396	25.399644760213143
12	24.68916518650089	28.24156305506217	21.136767317939608	25.932504440497333
13	28.507992895204264	24.68916518650089	22.824156305506214	23.978685612788635
14	26.19893428063943	25.57726465364121	23.357015985790408	24.866785079928952
15	25.22202486678508	26.287744227353464	20.959147424511546	27.53108348134991
16	24.24511545293073	28.3303730017762	22.824156305506214	24.600355239786857
17	25.48845470692718	26.287744227353464	24.156305506216697	24.067495559502664
18	23.978685612788635	24.51154529307282	23.712255772646536	27.797513321492005
19	24.51154529307282	26.820603907637658	22.646536412078152	26.02131438721137
20	26.73179396092362	25.22202486678508	23.090586145648313	24.955595026642985
21	25.57726465364121	26.02131438721137	21.6696269982238	26.73179396092362
22	27.886323268206038	26.02131438721137	23.179396092362346	22.912966252220247
23	25.843694493783303	24.600355239786857	24.067495559502664	25.48845470692718
24	27.61989342806394	23.8898756660746	22.735346358792185	25.754884547069274
25	26.465364120781526	26.909413854351687	23.179396092362346	23.44582593250444
26	24.77797513321492	25.843694493783303	22.646536412078152	26.73179396092362
27	26.642984014209592	26.287744227353464	21.22557726465364	25.843694493783303
28	26.19893428063943	26.99822380106572	23.53463587921847	23.26820603907638
29	28.507992895204264	25.666074600355238	20.515097690941385	25.31083481349911
30	27.708703374777976	26.554174067495563	20.603907637655418	25.133214920071044
31	25.666074600355238	25.754884547069274	24.866785079928952	23.712255772646536
32	26.287744227353464	25.044404973357015	21.847246891651864	26.820603907637658
33	26.99822380106572	24.955595026642985	23.712255772646536	24.33392539964476
34	26.287744227353464	29.573712255772644	21.58081705150977	22.55772646536412
35	24.647887323943664	17.6056338028169	30.28169014084507	27.464788732394368
36	22.535211267605636	26.76056338028169	28.169014084507044	22.535211267605636
37	23.239436619718308	23.239436619718308	25.352112676056336	28.169014084507044
38	32.3943661971831	23.239436619718308	17.6056338028169	26.76056338028169
>>END_MODULE
>>Per sequence GC content	warn
#GC Content	Count
0	0.0
1	0.0
2	0.0
3	0.0
4	0.0
5	0.0
6	0.0
7	0.0
8	0.0
9	0.0
10	0.0
11	0.0
12	0.0
13	0.0
14	0.0
15	0.0
16	0.0
17	0.0
18	0.0
19	1.0
20	2.5
21	3.0
22	4.0
23	5.0
24	5.0
25	6.0
26	7.0
27	7.0
28	11.5
29	16.0
30	16.5
31	20.5
32	24.0
33	24.5
34	29.5
35	34.0
36	33.5
37	39.5
38	48.5
39	51.0
40	66.5
41	84.0
42	86.0
43	88.5
44	91.0
45	91.0
46	88.5
47	86.0
48	86.0
49	105.5
50	125.0
51	140.5
52	156.0
53	156.0
54	142.5
55	129.0
56	129.0
57	108.5
58	88.0
59	89.5
60	85.0
61	79.0
62	76.5
63	69.5
64	65.0
65	65.0
66	55.5
67	46.0
68	46.0
69	33.5
70	19.0
71	17.0
72	11.5
73	6.0
74	6.0
75	3.5
76	1.0
77	1.0
78	1.0
79	1.0
80	1.0
81	0.5
82	0.0
83	0.0
84	0.0
85	0.0
86	0.0
87	0.0
88	0.0
89	0.0
90	0.0
91	0.0
92	0.0
93	0.0
94	0.0
95	0.0
96	0.0
97	0.0
98	0.0
99	0.0
100	0.0
>>END_MODULE
>>Per base N content	pass
#Base	N-Count
1	0.0
2	0.0
3	0.0
4	0.0
5	0.0
6	0.0
7	0.0
8	0.0
9	0.0
10	0.0
11	0.0
12	0.0
13	0.0
14	0.0
15	0.0
16	0.0
17	0.0
18	0.0
19	0.0
20	0.0
21	0.0
22	0.0
23	0.0
24	0.0
25	0.0
26	0.0
27	0.0
28	0.0
29	0.0
30	0.0
31	0.0
32	0.0
33	0.0
34	0.0
35	0.0
36	0.0
37	0.0
38	0.0
>>END_MODULE
>>Sequence Length Distribution	warn
#Length	Count
34	984.0
35	0.0
36	0.0
37	0.0
38	142.0
>>END_MODULE
>>Sequence Duplication Levels	pass
#Total Deduplicated Percentage	85.52397868561279
#Duplication Level	Percentage of total
1	74.51154529307283
2	17.2291296625222
3	5.0621669626998225
4	1.4209591474245116
5	1.7761989342806392
6	0.0
7	0.0
8	0.0
9	0.0
>10	0.0
>50	0.0
>100	0.0
>500	0.0
>1k	0.0
>5k	0.0
>10k+	0.0
>>END_MODULE
>>Overrepresented sequences	warn
#Sequence	Count	Percentage	Possible Source
CCTCCCGCCATAAAAAACTCATGTTCAAGACAGA	5	0.4440497335701598	No Hit
AGTCTACCTCCCGCCATAAAAAACTCATGTTCAA	5	0.4440497335701598	No Hit
AGAGATGGGGGTGGGAGGCTGTCAGTGGGGAACA	5	0.4440497335701598	No Hit
GCTGTCAGTGGGGAACAAGAAGTGGAGAATGTCA	5	0.4440497335701598	No Hit
AGGCTGTCAGTGGGGAACAAGAAGTGGAGAATGT	4	0.3552397868561279	No Hit
CCAAAAAGGGTCAGTCTACCTCCCGCCATAAAAA	4	0.3552397868561279	No Hit
AAGCATTGGTCAGGGAAAAGGGGCACAGACCCTC	4	0.3552397868561279	No Hit
AGGGGAGGGAGAGATGGGGGTGGGAGGCTGTCAG	4	0.3552397868561279	No Hit
TGAGGCATAACTGCACCCTTGGTCTCCTCCACCG	3	0.2664298401420959	No Hit
AAAGAGGCAAGGAAAGGTGATAAAAGTGAATCTG	3	0.2664298401420959	No Hit
CGCCATAAAAAACTCATGTTCAAGACAGAAGGGC	3	0.2664298401420959	No Hit
ACTCATGTGATGTCATCTCTCCTCCCTGCTTCTG	3	0.2664298401420959	No Hit
AGTGTGATGATGGTGAGGATGGGCCTCCGGTTCA	3	0.2664298401420959	No Hit
TGAGTGTTAGACTGGAAACTTTCCACTTGATAAG	3	0.2664298401420959	No Hit
AAGAAGAAACCACTGGATGGAGAATATTTCACCC	3	0.2664298401420959	No Hit
ATGGGGGTGGGAGGCTGTCAGTGGGGAACAAGAA	3	0.2664298401420959	No Hit
AGATGGGGGTGGGAGGCTGTCAGTGGGGAACAAG	3	0.2664298401420959	No Hit
CTTCTGTCTCCTACAGCCACCTGAAGTCCAAAAA	3	0.2664298401420959	No Hit
GAGCTGCCCCCAGGGAGCACTAAGCGAGGTAAGC	3	0.2664298401420959	No Hit
CCCACAACAAAACACCAGTGCAGGCCAACTTGTT	3	0.2664298401420959	No Hit
ACTGCACCCTTGGTCTCCTCCACCGCTTCTTGTC	3	0.2664298401420959	No Hit
ACTCATGTTCAAGACAGAAGGGCCTGACTCAGAC	3	0.2664298401420959	No Hit
AATCTACTGGGACGGAACAGCTTTGAGGTGCGTG	3	0.2664298401420959	No Hit
CAATTGCAGGTAAAACAGTCAAGAAGAAAACGGC	3	0.2664298401420959	No Hit
TGTTAGACTGGAAACTTTCCACTTGATAAGAGGT	3	0.2664298401420959	No Hit
TCTGTCTTGAACATGAGTTTTTTATGGCGGGGGG	3	0.2664298401420959	No Hit
CTACCTCCCGCCATAAAAAACTCATGTTCAAGAC	3	0.2664298401420959	No Hit
CATAAAAAACTCATGTTCAAGACAGAAGGGCCTG	2	0.17761989342806395	No Hit
GGAACAAGAAGTGGAGAATGTCAGTCTGAGTCAG	2	0.17761989342806395	No Hit
GGGAGAGATGGGGGTGGGAGGCTGTCAGTGGGGA	2	0.17761989342806395	No Hit
CGCACAGAGGAAGAGAATCTCCGCAAGAAAGGGG	2	0.17761989342806395	No Hit
ATAAAAGTGAATCTGAGGCATAACTGCACCCTTG	2	0.17761989342806395	No Hit
AGTCTACCTCCCGCCATAAAAAACTCATGTTCAAGACA	2	0.17761989342806395	No Hit
GCCACCTGAAGTCCAAAAAGGGTCAGTCTACCTC	2	0.17761989342806395	No Hit
CAGTCTGAGTCAGGCCCTTCTGTCTTGAACATGAGTTT	2	0.17761989342806395	No Hit
TGCTTCTGTCTCCTACAGCCACCTGAAGTCCAAAAAGG	2	0.17761989342806395	No Hit
GGAGGCCCATCCTCACCATCATCACACTGGAAGA	2	0.17761989342806395	No Hit
CTTCTGTCTTGAACATGAGTTTTTTATGGCGGGG	2	0.17761989342806395	No Hit
CTACAGCCACCTGAAGTCCAAAAAGGGTCAGTCT	2	0.17761989342806395	No Hit
GGACCTGATTTCCTTACTGCCTCTTGCTTCTCTT	2	0.17761989342806395	No Hit
AAAGAAGAAACCACTGGATGGAGAATATTTCACC	2	0.17761989342806395	No Hit
CATCTCTCCTCCCTGCTTCTGTCTCCTACAGCCA	2	0.17761989342806395	No Hit
GCAAGCAAGGGTTCAAAGACCCAAAACCCAAAAT	2	0.17761989342806395	No Hit
AAGGGTTCAAAGACCCAAAACCCAAAATGGCAGGGGAG	2	0.17761989342806395	No Hit
CCAACAACACCAGCTCCTCTCCCCAGCCAAAGAA	2	0.17761989342806395	No Hit
ATAAATAAAGTAAAATGGGGTAAGGGAAGATTAC	2	0.17761989342806395	No Hit
ACACCTATTGCAAGCAAGGGTTCAAAGACCCAAA	2	0.17761989342806395	No Hit
CCGCCATAAAAAACTCATGTTCAAGACAGAAGGG	2	0.17761989342806395	No Hit
ACGCACACCTATTGCAAGCAAGGGTTCAAAGACC	2	0.17761989342806395	No Hit
GAAGGGCCTGACTCAGACTGACATTCTCCACTTC	2	0.17761989342806395	No Hit
ATCTCTCCTCCCTGCTTCTGTCTCCTACAGCCAC	2	0.17761989342806395	No Hit
ATCCTGAGTAGTGGTAATCTACTGGGACGGAACA	2	0.17761989342806395	No Hit
GTCTCCTACAGCCACCTGAAGTCCAAAAAGGGTC	2	0.17761989342806395	No Hit
AGAATGTCAGTCTGAGTCAGGCCCTTCTGTCTTG	2	0.17761989342806395	No Hit
GATGAGAATGGAATCCTATGGCTTTCCAACCTAG	2	0.17761989342806395	No Hit
CCTACAGCCACCTGAAGTCCAAAAAGGGTCAGTC	2	0.17761989342806395	No Hit
TTATGCCTCAGATTCACTTTTATCACCTTTCCTT	2	0.17761989342806395	No Hit
TCGCTCTGCGCCCAGGCTGTGCCTGGCTCGACTG	2	0.17761989342806395	No Hit
AAGAAAGGGGAGCCTCACCACGAGCTGCCCCCAG	2	0.17761989342806395	No Hit
CAAGGAAAGGTGATAAAAGTGAATCTGAGGCATA	2	0.17761989342806395	No Hit
GCACAGAGGAAGAGAATCTCCGCAAGAAAGGGGA	2	0.17761989342806395	No Hit
ATAACTGCACCCTTGGTCTCCTCCACCGCTTCTT	2	0.17761989342806395	No Hit
GCACCCTTGGTCTCCTCCACCGCTTCTTGTCCTG	2	0.17761989342806395	No Hit
GCAAGAAAGGGGAGCCTCACCACGAGCTGCCCCC	2	0.17761989342806395	No Hit
TCCTGACCTGGAGTCTTCCAGTGTGATGATGGTG	2	0.17761989342806395	No Hit
CAGTCTGAGTCAGGCCCTTCTGTCTTGAACATGA	2	0.17761989342806395	No Hit
TGGGCCTGTGTTATCTCCTAGGTTGGCTCTGACT	2	0.17761989342806395	No Hit
AAGTCCAAAAAGGGTCAGTCTACCTCCCGCCATA	2	0.17761989342806395	No Hit
TGAAGTCCAAAAAGGGTCAGTCTACCTCCCGCCA	2	0.17761989342806395	No Hit
CAGGGGAGGGAGAGATGGGGGTGGGAGGCTGTCA	2	0.17761989342806395	No Hit
AGAAGGGCCTGACTCAGACTGACATTCTCCACTT	2	0.17761989342806395	No Hit
TATTGCAAGCAAGGGTTCAAAGACCCAAAACCCA	2	0.17761989342806395	No Hit
CCTCCCTGCTTCTGTCTCCTACAGCCACCTGAAG	2	0.17761989342806395	No Hit
CAGCCACCTGAAGTCCAAAAAGGGTCAGTCTACC	2	0.17761989342806395	No Hit
TTCTTCTTTGGCTGGGGAGAGGAGCTGGTGTTGT	2	0.17761989342806395	No Hit
GTAAGCAAGCAGGACAAGAAGCGGTGGAGGAGAC	2	0.17761989342806395	No Hit
CCTCCCCACAACAAAACACCAGTGCAGGCCAACT	2	0.17761989342806395	No Hit
TGTGTAACAGTTCCTGCATGGGCGGCATGAACCG	2	0.17761989342806395	No Hit
TCTCCTCCCTGCTTCTGTCTCCTACAGCCACCTG	2	0.17761989342806395	No Hit
TTCTGACGCACACCTATTGCAAGCAAGGGTTCAA	2	0.17761989342806395	No Hit
GGGTGGGAGGCTGTCAGTGGGGAACAAGAAGTGG	2	0.17761989342806395	No Hit
AAGGGCCTGACTCAGACTGACATTCTCCACTTCT	2	0.17761989342806395	No Hit
CAGACCCTCTCACTCATGTGATGTCATCTCTCCT	2	0.17761989342806395	No Hit
CACGAGCTGCCCCCAGGGAGCACTAAGCGAGGTA	2	0.17761989342806395	No Hit
TGAGTCAGGCCCTTCTGTCTTGAACATGAGTTTT	2	0.17761989342806395	No Hit
TACTCTGAGGTGCTCAGTAAACATATTTGCATGG	2	0.17761989342806395	No Hit
GTCAGGCCCTTCTGTCTTGAACATGAGTTTTTTA	2	0.17761989342806395	No Hit
GGGGTGGGAGGCTGTCAGTGGGGAACAAGAAGTG	2	0.17761989342806395	No Hit
CTGAGGCATAACTGCACCCTTGGTCTCCTCCACC	2	0.17761989342806395	No Hit
GACCCAAAACCCAAAATGGCAGGGGAGGGAGAGA	2	0.17761989342806395	No Hit
TCCCTGCTTCTGTCTCCTACAGCCACCTGAAGTC	2	0.17761989342806395	No Hit
TCCAGTGGTTTCTTCTTTGGCTGGGGAGAGGAGC	2	0.17761989342806395	No Hit
AGCCTCACCACGAGCTGCCCCCAGGGAGCACTAA	2	0.17761989342806395	No Hit
CCCGGGACAAAGCAAATGGAAGTCCTGGGTGCTT	2	0.17761989342806395	No Hit
TGCCCAACAACACCAGCTCCTCTCCCCAGCCAAA	2	0.17761989342806395	No Hit
TTTTGCTGCAGATCCGTGGGCGTGAGCGCTTCGA	2	0.17761989342806395	No Hit
AGGACAAGAAGCGGTGGAGGAGACCAAGGGTGCA	2	0.17761989342806395	No Hit
GTGGCCACACCCCATGCAAATATGTTTACTGAGC	2	0.17761989342806395	No Hit
TGGCAGGGGAGGGAGAGATGGGGGGGGGAGGCTG	2	0.17761989342806395	No Hit
TTCAAAGACCCAAAACCCAAAATGGCAGGGGAGG	2	0.17761989342806395	No Hit
GGTGGGAGGCTGTCAGTGGGGAACAAGAAGTGGA	2	0.17761989342806395	No Hit
GGAGGGAGAGATGGGGGTGGGAGGCTGTCAGTGG	2	0.17761989342806395	No Hit
CTGGGACGGAACAGCTTTGAGGTGCGTGTTTGTG	2	0.17761989342806395	No Hit
GGAGGAGACCAAGGGTGCAGTTATGCCTCAGATT	2	0.17761989342806395	No Hit
ACTAACTTCAGAACACCAACTTATACCATAATAT	2	0.17761989342806395	No Hit
AAAAGGGTCAGTCTACCTCCCGCCATAAAAAACT	2	0.17761989342806395	No Hit
ACCTGAAGGGTGAAATATTCTCCATCCAGTGGTT	2	0.17761989342806395	No Hit
GCATAACTGCACCCTTGGTCTCCTCCACCGCTTC	2	0.17761989342806395	No Hit
AAATGGCAGGGGAGGGAGAGATGGGGGTGGGAGG	2	0.17761989342806395	No Hit
AAAACAGTCAAGAAGAAAACGGCATTTTGAGTGT	2	0.17761989342806395	No Hit
AACACCAGCTCCTCTCCCCAGCCAAAGAAGAAAC	2	0.17761989342806395	No Hit
CTATTGCAAGCAAGGGTTCAAAGACCCAAAACCC	2	0.17761989342806395	No Hit
CTCCCTGCTTCTGTCTCCTACAGCCACCTGAAGT	2	0.17761989342806395	No Hit
CCATAAAAAACTCATGTTCAAGACAGAAGGGCCT	2	0.17761989342806395	No Hit
AAAGACCCAAAACCCAAAATGGCAGGGGAGGGAG	2	0.17761989342806395	No Hit
AAGAAGAAAACGGCATTTTGAGTGTTAGACTGGA	2	0.17761989342806395	No Hit
AAGAAGTGGAGAATGTCAGTCTGAGTCAGGCCCT	2	0.17761989342806395	No Hit
AAGACAGAAGGGCCTGACTCAGACTGACATTCTC	2	0.17761989342806395	No Hit
GAACAAGAAGTGGAGAATGTCAGTCTGAGTCAGG	2	0.17761989342806395	No Hit
CAAGAAGAAAACGGCATTTTGAGTGTTAGACTGGAAAC	2	0.17761989342806395	No Hit
TAAAAGTGAATCTGAGGCATAACTGCACCCTTGG	2	0.17761989342806395	No Hit
TCTACCTCCCGCCATAAAAAACTCATGTTCAAGA	2	0.17761989342806395	No Hit
CTGAGGTCACTCACCTGGAGTGAGCCCTGCTCCC	2	0.17761989342806395	No Hit
AGGGTGGCAAGTGGCTCCTGACCTGGAGTCTTCC	2	0.17761989342806395	No Hit
>>END_MODULE
>>Adapter Content	pass
#Position	Illumina Universal Adapter	Illumina Small RNA 3' Adapter	Illumina Small RNA 5' Adapter	Nextera Transposase Sequence	PolyA	PolyG
1	0.0	0.0	0.0	0.0	0.08880994671403197	0.0
2	0.0	0.0	0.0	0.0	0.08880994671403197	0.0
3	0.0	0.0	0.0	0.0	0.08880994671403197	0.0
4	0.0	0.0	0.0	0.0	0.08880994671403197	0.0
5	0.0	0.0	0.0	0.0	0.08880994671403197	0.0
6	0.0	0.0	0.0	0.0	0.08880994671403197	0.0
7	0.0	0.0	0.0	0.0	0.08880994671403197	0.0
8	0.0	0.0	0.0	0.0	0.08880994671403197	0.0
9	0.0	0.0	0.0	0.0	0.08880994671403197	0.0
10	0.0	0.0	0.0	0.0	0.08880994671403197	0.0
11	0.0	0.0	0.0	0.0	0.08880994671403197	0.0
12	0.0	0.0	0.0	0.0	0.08880994671403197	0.0
13	0.0	0.0	0.0	0.0	0.08880994671403197	0.0
14	0.0	0.0	0.0	0.0	0.08880994671403197	0.0
15	0.0	0.0	0.0	0.0	0.08880994671403197	0.0
16	0.0	0.0	0.0	0.0	0.08880994671403197	0.0
17	0.0	0.0	0.0	0.0	0.08880994671403197	0.0
18	0.0	0.0	0.0	0.0	0.08880994671403197	0.0
19	0.0	0.0	0.0	0.0	0.08880994671403197	0.0
20	0.0	0.0	0.0	0.0	0.08880994671403197	0.0
21	0.0	0.0	0.0	0.0	0.08880994671403197	0.0
22	0.0	0.0	0.0	0.0	0.08880994671403197	0.0
23	0.0	0.0	0.0	0.0	0.08880994671403197	0.0
24	0.0	0.0	0.0	0.0	0.08880994671403197	0.0
25	0.0	0.0	0.0	0.0	0.08880994671403197	0.0
26	0.0	0.0	0.0	0.0	0.08880994671403197	0.0
27	0.0	0.0	0.0	0.0	0.08880994671403197	0.0
>>END_MODULE
