##FastQC	0.12.1
>>Basic Statistics	pass
#Measure	Value
Filename	NA06984_T_RG1_1.fastq.gz
File type	Conventional base calls
Encoding	Sanger / Illumina 1.9
Total Sequences	1350
Total Bases	46.6 kbp
Sequences flagged as poor quality	0
Sequence length	34-38
%GC	56
>>END_MODULE
>>Per base sequence quality	pass
#Base	Mean	Median	Lower Quartile	Upper Quartile	10th Percentile	90th Percentile
1	26.785925925925927	25.0	25.0	31.0	24.0	32.0
2	30.993333333333332	32.0	29.0	35.0	27.0	37.0
3	31.63851851851852	33.0	30.0	36.0	27.0	37.0
4	32.714814814814815	34.0	31.0	37.0	28.0	39.0
5	32.733333333333334	34.0	31.0	37.0	28.0	39.0
6	33.08888888888889	35.0	31.0	38.0	28.0	39.0
7	33.16444444444444	35.0	32.0	38.0	28.0	39.0
8	33.28888888888889	35.0	32.0	38.0	28.0	40.0
9	33.46074074074074	35.0	32.0	38.0	28.0	40.0
10	33.47259259259259	35.0	32.0	38.0	27.0	40.0
11	33.4237037037037	35.0	32.0	38.0	28.0	40.0
12	33.62	36.0	32.0	39.0	27.0	40.0
13	33.51555555555556	35.0	32.0	39.0	27.0	40.0
14	33.66962962962963	36.0	32.0	39.0	27.0	40.0
15	33.71925925925926	36.0	33.0	39.0	27.0	41.0
16	33.44518518518519	36.0	32.0	39.0	26.0	41.0
17	33.53037037037037	36.0	32.0	39.0	26.0	41.0
18	33.27777777777778	35.0	32.0	39.0	26.0	41.0
19	33.302962962962965	35.0	32.0	39.0	26.0	41.0
20	33.5237037037037	36.0	32.0	39.0	25.0	41.0
21	33.22888888888889	36.0	32.0	39.0	25.0	41.0
22	33.27407407407407	35.0	32.0	39.0	25.0	41.0
23	33.27333333333333	36.0	32.0	39.0	24.0	41.0
24	32.98222222222222	35.0	32.0	39.0	23.0	41.0
25	32.87259259259259	35.0	32.0	39.0	23.0	41.0
26	33.06148148148148	35.0	32.0	39.0	25.0	41.0
27	32.78666666666667	35.0	32.0	39.0	22.0	41.0
28	32.762962962962966	35.0	32.0	39.0	22.0	41.0
29	32.62814814814815	35.0	32.0	39.0	23.0	41.0
30	32.79037037037037	35.0	32.0	39.0	22.0	41.0
31	32.44444444444444	35.0	32.0	39.0	19.0	41.0
32	32.48148148148148	35.0	31.0	39.0	21.0	41.0
33	32.306666666666665	35.0	31.0	39.0	18.0	41.0
34	31.965925925925927	35.0	31.0	38.0	16.0	40.0
35	31.47340425531915	35.0	31.0	37.0	16.0	40.0
36	31.856382978723403	35.0	31.0	38.0	18.0	40.0
37	31.43617021276596	34.0	30.0	38.0	16.0	40.0
38	31.585106382978722	34.0	30.0	38.0	18.0	40.0
>>END_MODULE
>>Per sequence quality scores	pass
#Quality	Count
2	44.0
3	2.0
4	3.0
5	3.0
6	3.0
7	1.0
8	1.0
9	3.0
10	2.0
11	2.0
12	2.0
13	8.0
14	3.0
15	2.0
16	2.0
17	1.0
18	0.0
19	6.0
20	5.0
21	5.0
22	8.0
23	6.0
24	13.0
25	6.0
26	18.0
27	19.0
28	19.0
29	22.0
30	30.0
31	37.0
32	47.0
33	97.0
34	161.0
35	266.0
36	293.0
37	167.0
38	38.0
39	5.0
>>END_MODULE
>>Per base sequence content	warn
#Base	G	A	T	C
1	24.962962962962962	23.037037037037038	23.185185185185187	28.814814814814817
2	29.703703703703706	22.074074074074073	21.11111111111111	27.111111111111114
3	30.148148148148145	20.59259259259259	21.185185185185183	28.074074074074073
4	29.555555555555557	20.51851851851852	21.703703703703702	28.22222222222222
5	32.74074074074074	21.185185185185183	21.925925925925927	24.14814814814815
6	28.888888888888886	20.14814814814815	20.22222222222222	30.74074074074074
7	25.77777777777778	22.296296296296298	22.962962962962962	28.962962962962962
8	30.37037037037037	20.444444444444446	23.555555555555554	25.62962962962963
9	30.0	20.22222222222222	21.11111111111111	28.666666666666668
10	29.555555555555557	22.74074074074074	21.185185185185183	26.51851851851852
11	29.555555555555557	22.22222222222222	21.555555555555557	26.666666666666668
12	28.74074074074074	20.14814814814815	22.074074074074073	29.037037037037038
13	29.037037037037038	19.11111111111111	23.703703703703706	28.14814814814815
14	28.666666666666668	20.74074074074074	22.51851851851852	28.074074074074073
15	28.000000000000004	21.40740740740741	22.074074074074073	28.51851851851852
16	26.88888888888889	21.333333333333336	21.555555555555557	30.22222222222222
17	28.14814814814815	21.11111111111111	23.40740740740741	27.333333333333332
18	27.925925925925927	21.85185185185185	21.555555555555557	28.666666666666668
19	26.444444444444443	23.48148148148148	23.703703703703706	26.37037037037037
20	30.592592592592595	18.22222222222222	23.925925925925924	27.25925925925926
21	27.703703703703702	19.62962962962963	22.59259259259259	30.074074074074076
22	27.629629629629633	22.444444444444443	22.37037037037037	27.555555555555557
23	28.814814814814817	20.0	21.40740740740741	29.777777777777775
24	29.259259259259256	20.444444444444446	22.444444444444443	27.85185185185185
25	26.88888888888889	23.185185185185187	22.444444444444443	27.481481481481477
26	29.40740740740741	22.51851851851852	22.74074074074074	25.333333333333336
27	27.25925925925926	20.14814814814815	23.25925925925926	29.333333333333332
28	26.740740740740744	23.925925925925924	21.333333333333336	28.000000000000004
29	28.74074074074074	23.555555555555554	22.22222222222222	25.48148148148148
30	28.51851851851852	21.777777777777775	21.555555555555557	28.14814814814815
31	28.814814814814817	22.666666666666664	20.0	28.51851851851852
32	26.666666666666668	21.185185185185183	24.22222222222222	27.925925925925927
33	29.925925925925927	22.0	20.814814814814813	27.25925925925926
34	28.14814814814815	20.88888888888889	23.703703703703706	27.25925925925926
35	25.0	23.93617021276596	18.617021276595743	32.4468085106383
36	29.78723404255319	15.957446808510639	28.723404255319153	25.53191489361702
37	27.127659574468083	22.340425531914892	22.340425531914892	28.191489361702125
38	28.191489361702125	21.27659574468085	21.27659574468085	29.25531914893617
>>END_MODULE
>>Per sequence GC content	warn
#GC Content	Count
0	0.0
1	0.0
2	0.0
3	0.0
4	0.0
5	0.0
6	0.0
7	0.0
8	0.0
9	0.0
10	0.0
11	0.0
12	0.0
13	0.0
14	0.0
15	0.0
16	0.0
17	0.0
18	0.0
19	0.0
20	0.0
21	0.0
22	0.0
23	0.0
24	0.0
25	1.5
26	3.0
27	3.0
28	4.5
29	6.0
30	6.0
31	5.0
32	4.0
33	4.0
34	8.5
35	13.0
36	16.5
37	25.5
38	30.5
39	30.0
40	41.5
41	56.0
42	59.0
43	69.0
44	79.0
45	79.0
46	96.5
47	114.0
48	114.0
49	116.0
50	118.0
51	139.0
52	160.0
53	160.0
54	176.0
55	192.0
56	192.0
57	168.0
58	144.0
59	145.0
60	119.0
61	92.0
62	89.5
63	84.5
64	80.0
65	78.0
66	64.0
67	47.5
68	45.0
69	43.5
70	41.0
71	40.0
72	53.5
73	67.0
74	67.0
75	59.5
76	52.0
77	52.0
78	35.5
79	19.0
80	18.0
81	13.5
82	10.0
83	9.5
84	6.5
85	4.0
86	4.0
87	2.0
88	0.0
89	0.0
90	0.0
91	0.0
92	0.0
93	0.0
94	0.0
95	0.0
96	0.0
97	0.0
98	0.0
99	0.0
100	0.0
>>END_MODULE
>>Per base N content	pass
#Base	N-Count
1	0.0
2	0.0
3	0.0
4	0.0
5	0.0
6	0.0
7	0.0
8	0.0
9	0.0
10	0.0
11	0.0
12	0.0
13	0.0
14	0.0
15	0.0
16	0.0
17	0.0
18	0.0
19	0.0
20	0.0
21	0.0
22	0.0
23	0.0
24	0.0
25	0.0
26	0.0
27	0.0
28	0.0
29	0.0
30	0.0
31	0.0
32	0.0
33	0.0
34	0.0
35	0.0
36	0.0
37	0.0
38	0.0
>>END_MODULE
>>Sequence Length Distribution	warn
#Length	Count
34	1162.0
35	0.0
36	0.0
37	0.0
38	188.0
>>END_MODULE
>>Sequence Duplication Levels	pass
#Total Deduplicated Percentage	75.33333333333333
#Duplication Level	Percentage of total
1	59.851851851851855
2	19.25925925925926
3	10.888888888888888
4	5.9259259259259265
5	2.5925925925925926
6	0.4444444444444444
7	1.037037037037037
8	0.0
9	0.0
>10	0.0
>50	0.0
>100	0.0
>500	0.0
>1k	0.0
>5k	0.0
>10k+	0.0
>>END_MODULE
>>Overrepresented sequences	warn
#Sequence	Count	Percentage	Possible Source
GGGGAGCAGCCTCTGGCATTCTGGGAGCTTCATC	7	0.5185185185185185	No Hit
TGAGGACCTGGTCCTCTGACTGCTCTTTTCACCC	7	0.5185185185185185	No Hit
AGTCTCATGGAAGCCAGCCCCTCAGGGCAACTGA	6	0.4444444444444444	No Hit
CTTCATCTGGACCTGGGTCTTCAGTGAACCATTG	5	0.3703703703703704	No Hit
GCGGGGAGCAGCCTCTGGCATTCTGGGAGCTTCA	5	0.3703703703703704	No Hit
CGGGGAGCAGCCTCTGGCATTCTGGGAGCTTCAT	5	0.3703703703703704	No Hit
AGCCTCTGGCATTCTGGGAGCTTCATCTGGACCT	5	0.3703703703703704	No Hit
GTCCCAAGCAATGGATGATTTGATGCTGTCCCCG	5	0.3703703703703704	No Hit
ATGGATGATTTGATGCTGTCCCCGGACGATATTG	5	0.3703703703703704	No Hit
CAGCCTCTGGCATTCTGGGAGCTTCATCTGGACC	5	0.3703703703703704	No Hit
AGGGGCCGCCGGTGTAGGAGCTGCTGGTGCAGGG	4	0.2962962962962963	No Hit
CAGGGCAGCTACGGTTTCCGTCTGGGCTTCTTGC	4	0.2962962962962963	No Hit
AGGACCTGGTCCTCTGACTGCTCTTTTCACCCAT	4	0.2962962962962963	No Hit
CGGTGTAGGAGCTGCTGGTGCAGGGGCCACGCGG	4	0.2962962962962963	No Hit
TGGGGGGCTGAGGACCTGGTCCTCTGACTGCTCT	4	0.2962962962962963	No Hit
AGGAGCTGCTGGTGCAGGGGCCACGCGGGGAGCA	4	0.2962962962962963	No Hit
CTGGGGGGCTGAGGACCTGGTCCTCTGACTGCTC	4	0.2962962962962963	No Hit
TCTGACTGCTCTTTTCACCCATCTACAGTCCCCC	4	0.2962962962962963	No Hit
TGGTGCAGGGGCCACGCGGGGAGCAGCCTCTGGC	4	0.2962962962962963	No Hit
GGTCCTCTGACTGCTCTTTTCACCCATCTACAGT	4	0.2962962962962963	No Hit
TCCTCTGACTGCTCTTTTCACCCATCTACAGTCC	4	0.2962962962962963	No Hit
ACTCACAGTTTCCATAGGTCTGAAAATGTTTCCT	4	0.2962962962962963	No Hit
TCTGGCATTCTGGGAGCTTCATCTGGACCTGGGT	4	0.2962962962962963	No Hit
CCCCCTTGCCGTCCCAAGCAATGGATGATTTGAT	4	0.2962962962962963	No Hit
CCAAGCAATGGATGATTTGATGCTGTCCCCGGAC	4	0.2962962962962963	No Hit
GAGCAGCCTCTGGCATTCTGGGAGCTTCATCTGG	4	0.2962962962962963	No Hit
TGCTGGTGCAGGGGCCACGCGGGGAGCAGCCTCT	4	0.2962962962962963	No Hit
GTCCCCCTTGCCGTCCCAAGCAATGGATGATTTG	4	0.2962962962962963	No Hit
GTCCTCTGACTGCTCTTTTCACCCATCTACAGTC	4	0.2962962962962963	No Hit
TAGGAGCTGCTGGTGCAGGGGCCACGCGGGGAGC	4	0.2962962962962963	No Hit
TTGCAAACCAGACCTCAGGCGGCTCATAGGGCAC	3	0.2222222222222222	No Hit
AATGGATGATTTGATGCTGTCCCCGGACGATATT	3	0.2222222222222222	No Hit
GCTGAGGACCTGGTCCTCTGACTGCTCTTTTCAC	3	0.2222222222222222	No Hit
TGACTGCTCTTTTCACCCATCTACAGTCCCCCTT	3	0.2222222222222222	No Hit
TGGCATTCTGGGAGCTTCATCTGGACCTGGGTCT	3	0.2222222222222222	No Hit
ACCTGGGTCTTCAGTGAACCATTGTTCAATATCG	3	0.2222222222222222	No Hit
GTAGGAGCTGCTGGTGCAGGGGCCACGCGGGGAG	3	0.2222222222222222	No Hit
GAACCATTGTTCAATATCGTCCGGGGACAGCATC	3	0.2222222222222222	No Hit
TACGGTTTCCGTCTGGGCTTCTTGCATTCTGGGA	3	0.2222222222222222	No Hit
GCCAGGAGGGGGCTGGTGCAGGGGCCGCCGGTGT	3	0.2222222222222222	No Hit
CTGGTCCTCTGACTGCTCTTTTCACCCATCTACA	3	0.2222222222222222	No Hit
ATCGTCCGGGGACAGCATCAAATCATCCATTGCT	3	0.2222222222222222	No Hit
AAGTTCCAAACAAAAGAAATGCAGGGGGATACGG	3	0.2222222222222222	No Hit
GAGGACCTGGTCCTCTGACTGCTCTTTTCACCCA	3	0.2222222222222222	No Hit
GTCCGGGGACAGCATCAAATCATCCATTGCTTGG	3	0.2222222222222222	No Hit
ACGATATTGAACAATGGTTCACTGAAGACCCAGG	3	0.2222222222222222	No Hit
ACCCATCTACAGTCCCCCTTGCCGTCCCAAGCAA	3	0.2222222222222222	No Hit
GGAAACCGTAGCTGCCCTGGTAGGTTTTCTGGGA	3	0.2222222222222222	No Hit
GACGATATTGAACAATGGTTCACTGAAGACCCAG	3	0.2222222222222222	No Hit
CGGACGATATTGAACAATGGTTCACTGAAGACCC	3	0.2222222222222222	No Hit
GTTTTCTGGGAAGGGACAGAAGATGACAGGGGCC	3	0.2222222222222222	No Hit
GACTGCTCTTTTCACCCATCTACAGTCCCCCTTG	3	0.2222222222222222	No Hit
CCAACCCTTGTCCTTACCAGAACGTTGTTTTCAG	3	0.2222222222222222	No Hit
TGAAGACCCAGGTCCAGATGAAGCTCCCAGAATG	3	0.2222222222222222	No Hit
CCCAGAATGCAAGAAGCCCAGACGGAAACCGTAG	3	0.2222222222222222	No Hit
GGGGCCGCCGGTGTAGGAGCTGCTGGTGCAGGGG	3	0.2222222222222222	No Hit
TGTAGGAGCTGCTGGTGCAGGGGCCACGCGGGGA	3	0.2222222222222222	No Hit
AGTCCCCCTTGCCGTCCCAAGCAATGGATGATTT	3	0.2222222222222222	No Hit
CCACGCGGGGAGCAGCCTCTGGCATTCTGGGAGC	3	0.2222222222222222	No Hit
CTCTGGCATTCTGGGAGCTTCATCTGGACCTGGG	3	0.2222222222222222	No Hit
AACTCTGTCTCCTTCCTCTTCCTACAGTACTCCC	3	0.2222222222222222	No Hit
TACAGTCCCCCTTGCCGTCCCAAGCAATGGATGA	3	0.2222222222222222	No Hit
TCTTTTCACCCATCTACAGTCCCCCTTGCCGTCC	3	0.2222222222222222	No Hit
TGGGGGGCTGGGGGGCTGAGGACCTGGTCCTCTG	3	0.2222222222222222	No Hit
CGTCTGGGCTTCTTGCATTCTGGGACAGCCAAGT	3	0.2222222222222222	No Hit
CAAGGGTTGGGCTGGGGACCTGGAGGGCTGGGGG	3	0.2222222222222222	No Hit
CCCGGACGATATTGAACAATGGTTCACTGAAGAC	3	0.2222222222222222	No Hit
GGTGTAGGAGCTGCTGGTGCAGGGGCCACGCGGG	3	0.2222222222222222	No Hit
CAATGGATGATTTGATGCTGTCCCCGGACGATAT	3	0.2222222222222222	No Hit
GCAATGGATGATTTGATGCTGTCCCCGGACGATA	3	0.2222222222222222	No Hit
CGTCCCAAGCAATGGATGATTTGATGCTGTCCCC	3	0.2222222222222222	No Hit
AAATGCAGGGGGATACGGCCAGGCATTGAAGTCT	3	0.2222222222222222	No Hit
CACGCGGGGAGCAGCCTCTGGCATTCTGGGAGCT	3	0.2222222222222222	No Hit
AGGGGCCACGCGGGGAGCAGCCTCTGGCATTCTG	3	0.2222222222222222	No Hit
GCTGGTGCAGGGGCCACGCGGGGAGCAGCCTCTG	3	0.2222222222222222	No Hit
GGGTCACTGCCATGGAGGAGCCGCAGTCAGATCC	3	0.2222222222222222	No Hit
ACGCGGGGAGCAGCCTCTGGCATTCTGGGAGCTT	3	0.2222222222222222	No Hit
CTGGGAGCTTCATCTGGACCTGGGTCTTCAGTGA	3	0.2222222222222222	No Hit
TTCCAAACAAAAGAAATGCAGGGGGATACGGCCA	3	0.2222222222222222	No Hit
CCGTCTGGGCTTCTTGCATTCTGGGACAGCCAAG	2	0.14814814814814814	No Hit
GGCCAGGCATTGAAGTCTCATGGAAGCCAGCCCC	2	0.14814814814814814	No Hit
AAGGACAAGGGTTGGGCTGGGGACCTGGAGGGCT	2	0.14814814814814814	No Hit
TGCGTGTGGAGTATTTGGATGACAGAAACACTTT	2	0.14814814814814814	No Hit
GTCCCTTCCCAGAAAACCTACCAGGGCAGCTACG	2	0.14814814814814814	No Hit
AAGCAATGGATGATTTGATGCTGTCCCCGGACGA	2	0.14814814814814814	No Hit
TTCAACTTTGGGACAGGAGTCAGAGATCACACAT	2	0.14814814814814814	No Hit
CCATCTACAGTCCCCCTTGCCGTCCCAAGCAATG	2	0.14814814814814814	No Hit
TGATTCCACACCCCCGCCCGGCACCCGCGTCCGC	2	0.14814814814814814	No Hit
CAGAAAACCTACCAGGGCAGCTACGGTTTCCGTC	2	0.14814814814814814	No Hit
TTGCCGTCCCAAGCAATGGATGATTTGATGCTGT	2	0.14814814814814814	No Hit
TTTACTTTGCACATCTCATGGGGTTATAGGGAGG	2	0.14814814814814814	No Hit
CCTAGCAGAGACCTGTGGGAAGCGAAAATTCCAT	2	0.14814814814814814	No Hit
TCCCCCTTGCCGTCCCAAGCAATGGATGATTTGA	2	0.14814814814814814	No Hit
CCCTCAACAAGATGTTTTGCCAACTGGCCAAGAC	2	0.14814814814814814	No Hit
ACTTGTGCCCTGACTTTCAACTCTGTCTCCTTCC	2	0.14814814814814814	No Hit
AGTCAGAGATCACACATTAAGTGGGTAAACTATA	2	0.14814814814814814	No Hit
TGTTTTCAGGAAGTCTGAAAGACAAGAGCAGAAA	2	0.14814814814814814	No Hit
AGCTGCCCTGGTAGGTTTTCTGGGAAGGGACAGA	2	0.14814814814814814	No Hit
GATGGTGAGCAGCTGGGGCTGGAGAGACGACAGG	2	0.14814814814814814	No Hit
CTTGCCGTCCCAAGCAATGGATGATTTGATGCTG	2	0.14814814814814814	No Hit
AACAAAAGAAATGCAGGGGGATACGGCCAGGCAT	2	0.14814814814814814	No Hit
GGGGGGCTGGGGGGCTGAGGACCTGGTCCTCTGACTGC	2	0.14814814814814814	No Hit
GTCGGGGTGGTGGGCCTGCCCTTCCAATGGATCC	2	0.14814814814814814	No Hit
TGATTTGATGCTGTCCCCGGACGATATTGAACAA	2	0.14814814814814814	No Hit
CTATCTGAGCAGCGCTCATGGTGGGGGCAGCGCC	2	0.14814814814814814	No Hit
AGCTGCTGGTGCAGGGGCCACGCGGGGAGCAGCC	2	0.14814814814814814	No Hit
TTCAGACTTCCTGAAAACAACGTTCTGGTAAGGA	2	0.14814814814814814	No Hit
CCATTGTTCAATATCGTCCGGGGACAGCATCAAA	2	0.14814814814814814	No Hit
GGGGGTGTGGAATCAACCCACAGCTGCACAGGGC	2	0.14814814814814814	No Hit
GCCAGGCATTGAAGTCTCATGGAAGCCAGCCCCT	2	0.14814814814814814	No Hit
CGGGGACAGCATCAAATCATCCATTGCTTGGGAC	2	0.14814814814814814	No Hit
AGGGGCCAGGAGGGGGCTGGTGCAGGGGCCGCCG	2	0.14814814814814814	No Hit
CCCCCCTACTGCTCACCCGGAGGGCCACTGACAA	2	0.14814814814814814	No Hit
AGCTGCTCACCATCGCTATCTGAGCAGCGCTCAT	2	0.14814814814814814	No Hit
TGTTCACTTGTGCCCTGACTTTCAACTCTGTCTC	2	0.14814814814814814	No Hit
ACCCCCGCCCGGCACCCGCGTCCGCGCCATGGCC	2	0.14814814814814814	No Hit
TGGGAGCTTCATCTGGACCTGGGTCTTCAGTGAA	2	0.14814814814814814	No Hit
TGGTTGCCCAGGGTCCCCAGGCCTCTGATTCCTC	2	0.14814814814814814	No Hit
GCTTCATCTGGACCTGGGTCTTCAGTGAACCATT	2	0.14814814814814814	No Hit
GAAGTCTCATGGAAGCCAGCCCCTCAGGGCAACTGACC	2	0.14814814814814814	No Hit
CCCAAGCAATGGATGATTTGATGCTGTCCCCGGACGAT	2	0.14814814814814814	No Hit
CCCATCTACAGTCCCCCTTGCCGTCCCAAGCAAT	2	0.14814814814814814	No Hit
GGGTTGGAAGTGTCTCATGCTGGATCCCCACTTT	2	0.14814814814814814	No Hit
CCTTGCCGTCCCAAGCAATGGATGATTTGATGCT	2	0.14814814814814814	No Hit
ACCATCGCTATCTGAGCAGCGCTCATGGTGGGGG	2	0.14814814814814814	No Hit
TCAATATCGTCCGGGGACAGCATCAAATCATCCA	2	0.14814814814814814	No Hit
TGATGCTGTCCCCGGACGATATTGAACAATGGTT	2	0.14814814814814814	No Hit
CAGGCATTGAAGTCTCATGGAAGCCAGCCCCTCA	2	0.14814814814814814	No Hit
CTTTTCACCCATCTACAGTCCCCCTTGCCGTCCC	2	0.14814814814814814	No Hit
AGGACCTGGTCCTCTGACTGCTCTTTTCACCCATCTAC	2	0.14814814814814814	No Hit
AGTGAACCATTGTTCAATATCGTCCGGGGACAGC	2	0.14814814814814814	No Hit
CTGCTCACCATCGCTATCTGAGCAGCGCTCATGG	2	0.14814814814814814	No Hit
TTGATGCTGTCCCCGGACGATATTGAACAATGGT	2	0.14814814814814814	No Hit
CCCTTGCCGTCCCAAGCAATGGATGATTTGATGC	2	0.14814814814814814	No Hit
GATTGCTCTTAGGTCTGGCCCCTCCTCAGCATCT	2	0.14814814814814814	No Hit
ACGGTTTCCGTCTGGGCTTCTTGCATTCTGGGAC	2	0.14814814814814814	No Hit
GCAAGGGGGACTGTAGATGGGTGAAAAGAGCAGT	2	0.14814814814814814	No Hit
CTGACAGGAAGCCAAAGGGTGAAGAGGAATCCCA	2	0.14814814814814814	No Hit
CCCTCCTCAGCATCTTATCCGAGTGGAAGGAAAT	2	0.14814814814814814	No Hit
AACAACGTTCTGGTAAGGACAAGGGTTGGGCTGG	2	0.14814814814814814	No Hit
GGTTTCCGTCTGGGCTTCTTGCATTCTGGGACAG	2	0.14814814814814814	No Hit
AGGGGGATACGGCCAGGCATTGAAGTCTCATGGA	2	0.14814814814814814	No Hit
CAAAAGAAATGCAGGGGGATACGGCCAGGCATTG	2	0.14814814814814814	No Hit
TGTGATGGGATGGATAAAAGCCCAAATTCAAGGG	2	0.14814814814814814	No Hit
ACCTGGAGGGCTGGGGGGCTGGGGGGCTGAGGAC	2	0.14814814814814814	No Hit
CATGGAAGCCAGCCCCTCAGGGCAACTGACCGTG	2	0.14814814814814814	No Hit
CCTCTGATTCCTCACTGATTGCTCTTAGGTCTGG	2	0.14814814814814814	No Hit
GGGAGCAGCCTCTGGCATTCTGGGAGCTTCATCT	2	0.14814814814814814	No Hit
TTTTCTGGGAAGGGACAGAAGATGACAGGGGCCA	2	0.14814814814814814	No Hit
AATTCCATGGGACTGACTTTCTGCTCTTGTCTTT	2	0.14814814814814814	No Hit
TCTTGCATTCTGGGACAGCCAAGTCTGTGACTTG	2	0.14814814814814814	No Hit
CTCAACAAGATGTTTTGCCAACTGGCCAAGACCT	2	0.14814814814814814	No Hit
CCGCGTGGCCCCTGCACCAGCAGCTCCTACACCG	2	0.14814814814814814	No Hit
GCTCTTGTCTTTCAGACTTCCTGAAAACAACGTT	2	0.14814814814814814	No Hit
TCTGGACCTGGGTCTTCAGTGAACCATTGTTCAA	2	0.14814814814814814	No Hit
CGGCACCCGCGTCCGCGCCATGGCCATCTACAAG	2	0.14814814814814814	No Hit
GACAGGGCTGGTTGCCCAGGGTCCCCAGGCCTCT	2	0.14814814814814814	No Hit
GAAATTTGCGTGTGGAGTATTTGGATGACAGAAA	2	0.14814814814814814	No Hit
ATTCTGGGAGCTTCATCTGGACCTGGGTCTTCAG	2	0.14814814814814814	No Hit
CTACCAGGGCAGCTACGGTTTCCGTCTGGGCTTC	2	0.14814814814814814	No Hit
TCAGGCGGCTCATAGGGCACCACCACACTATGTC	2	0.14814814814814814	No Hit
GACCTGGTCCTCTGACTGCTCTTTTCACCCATCT	2	0.14814814814814814	No Hit
AGACCCAGGTCCAGATGAAGCTCCCAGAATGCCA	2	0.14814814814814814	No Hit
TACGGCCAGGCATTGAAGTCTCATGGAAGCCAGC	2	0.14814814814814814	No Hit
GCGCCATGGCCATCTACAAGCAGTCACAGCACAT	2	0.14814814814814814	No Hit
AAACACTGACAGGAAGCCAAAGGGTGAAGAGGAA	2	0.14814814814814814	No Hit
ATGGAGGAGCCGCAGTCAGATCCTAGCGTCGAGC	2	0.14814814814814814	No Hit
TGTCCCCGGACGATATTGAACAATGGTTCACTGA	2	0.14814814814814814	No Hit
ATCTACAGTCCCCCTTGCCGTCCCAAGCAATGGA	2	0.14814814814814814	No Hit
TCTGCTCTTGTCTTTCAGACTTCCTGAAAACAAC	2	0.14814814814814814	No Hit
CAGGTCCAGATGAAGCTCCCAGAATGCCAGAGGC	2	0.14814814814814814	No Hit
TGACTGCTCTTTTCACCCATCTACAGTCCCCCTTGCCG	2	0.14814814814814814	No Hit
CTCTGACTGCTCTTTTCACCCATCTACAGTCCCC	2	0.14814814814814814	No Hit
CCGTCCCAAGCAATGGATGATTTGATGCTGTCCC	2	0.14814814814814814	No Hit
CAGCATCAAATCATCCATTGCTTGGGACGGCAAG	2	0.14814814814814814	No Hit
CCCTAGCAGAGACCTGTGGGAAGCGAAAATTCCA	2	0.14814814814814814	No Hit
GGGGACCTGGAGGGCTGGGGGGCTGGGGGGCTGA	2	0.14814814814814814	No Hit
CAAGCAATGGATGATTTGATGCTGTCCCCGGACG	2	0.14814814814814814	No Hit
CTGGGGTTGGGGTCGGGGTGGTGGGCCTGCCCTT	2	0.14814814814814814	No Hit
GGGGGCTGAGGACCTGGTCCTCTGACTGCTCTTT	2	0.14814814814814814	No Hit
TTCCGTCTGGGCTTCTTGCATTCTGGGACAGCCA	2	0.14814814814814814	No Hit
TTGCCGTCCCAAGAAATGGATGATTTGATGCTGT	2	0.14814814814814814	No Hit
CCTTAACCCCTCCTCCCAGAGACCCCAGTTGCAA	2	0.14814814814814814	No Hit
GCATTCTGGGAGCTTCATCTGGACCTGGGTCTTC	2	0.14814814814814814	No Hit
AAACCTACCAGGGCAGCTACGGTTTCCGTCTGGG	2	0.14814814814814814	No Hit
TGGATCCACTCACAGTTTCCATAGGTCTGAAAAT	2	0.14814814814814814	No Hit
CCTCTGGCATTCTGGGAGCTTCATCTGGACCTGG	2	0.14814814814814814	No Hit
TGCTCTTTTCACCCATCTACAGTCCCCCTTGCCG	2	0.14814814814814814	No Hit
GGCTGGGGGGCTGAGGACCTGGTCCTCTGACTGC	2	0.14814814814814814	No Hit
CTACAGTCCCCCTTGCCGTCCCAAGCAATGGATG	2	0.14814814814814814	No Hit
TGGACCTGGGTCTTCAGTGAACCATTGTTCAATA	2	0.14814814814814814	No Hit
CCCGACCCCAACCCCAGCCCCCTAGCAGAGACCT	2	0.14814814814814814	No Hit
ACCCATCTACAGTCCCCCTTGCCGTCCCAAGCAATGGA	2	0.14814814814814814	No Hit
TTAGGTCTGGCCCCTCCTCAGCATCTTATCCGAG	2	0.14814814814814814	No Hit
TGAACCATTGTTCAATATCGTCCGGGGACAGCAT	2	0.14814814814814814	No Hit
TCACACATTAAGTGGGTAAACTATAAAAAAACAC	2	0.14814814814814814	No Hit
CATCTACAGTCCCCCTTGCCGTCCCAAGCAATGG	2	0.14814814814814814	No Hit
CTGGGGACCTGGAGGGCTGGGGGGCTGGGGGGCT	2	0.14814814814814814	No Hit
GCTCTTTTCACCCATCTACAGTCCCCCTTGCCGTCCCA	2	0.14814814814814814	No Hit
TGGAGAGACGACAGGGCTGGTTGCCCAGGGTCCC	2	0.14814814814814814	No Hit
GGGGGGCTGGGGGGCTGAGGACCTGGTCCTCTGA	2	0.14814814814814814	No Hit
CCGGACGATATTGAACAATGGTTCACTGAAGACC	2	0.14814814814814814	No Hit
TTCATCTGGACCTGGGTCTTCAGTGAACCATTGT	2	0.14814814814814814	No Hit
TTCCATGAGACTTCAATGCCTGGCCGTATCCCCC	2	0.14814814814814814	No Hit
GCCTGCCCTTCCAATGGATCCACTCACAGTTTCC	2	0.14814814814814814	No Hit
GCTACGGTTTCCGTCTGGGCTTCTTGCATTCTGG	2	0.14814814814814814	No Hit
GCTCACCATCGCTATCTGAGCAGCGCTCATGGTGGGGG	2	0.14814814814814814	No Hit
AGCATCTTATCCGAGTGGAAGGAAATTTGCGTGT	2	0.14814814814814814	No Hit
AGGCATTGAAGTCTCATGGAAGCCAGCCCCTCAG	2	0.14814814814814814	No Hit
>>END_MODULE
>>Adapter Content	pass
#Position	Illumina Universal Adapter	Illumina Small RNA 3' Adapter	Illumina Small RNA 5' Adapter	Nextera Transposase Sequence	PolyA	PolyG
1	0.0	0.0	0.0	0.0	0.2222222222222222	0.0
2	0.0	0.0	0.0	0.0	0.2962962962962963	0.0
3	0.0	0.0	0.0	0.0	0.2962962962962963	0.0
4	0.0	0.0	0.0	0.0	0.2962962962962963	0.0
5	0.0	0.0	0.0	0.0	0.2962962962962963	0.07407407407407407
6	0.0	0.0	0.0	0.0	0.2962962962962963	0.07407407407407407
7	0.0	0.0	0.0	0.0	0.2962962962962963	0.07407407407407407
8	0.0	0.0	0.0	0.0	0.2962962962962963	0.07407407407407407
9	0.0	0.0	0.0	0.0	0.2962962962962963	0.07407407407407407
10	0.0	0.0	0.0	0.0	0.2962962962962963	0.07407407407407407
11	0.0	0.0	0.0	0.0	0.2962962962962963	0.07407407407407407
12	0.0	0.0	0.0	0.0	0.2962962962962963	0.07407407407407407
13	0.0	0.0	0.0	0.0	0.37037037037037035	0.07407407407407407
14	0.0	0.0	0.0	0.0	0.37037037037037035	0.07407407407407407
15	0.0	0.0	0.0	0.0	0.37037037037037035	0.07407407407407407
16	0.0	0.0	0.0	0.0	0.37037037037037035	0.07407407407407407
17	0.0	0.0	0.0	0.0	0.37037037037037035	0.07407407407407407
18	0.0	0.0	0.0	0.0	0.4444444444444444	0.07407407407407407
19	0.0	0.0	0.0	0.0	0.4444444444444444	0.07407407407407407
20	0.0	0.0	0.0	0.0	0.4444444444444444	0.07407407407407407
21	0.0	0.0	0.0	0.0	0.4444444444444444	0.07407407407407407
22	0.0	0.0	0.0	0.0	0.4444444444444444	0.07407407407407407
23	0.0	0.0	0.0	0.0	0.4444444444444444	0.07407407407407407
24	0.0	0.0	0.0	0.0	0.4444444444444444	0.07407407407407407
25	0.0	0.0	0.0	0.0	0.4444444444444444	0.07407407407407407
26	0.0	0.0	0.0	0.0	0.4444444444444444	0.07407407407407407
27	0.0	0.0	0.0	0.0	0.4444444444444444	0.07407407407407407
>>END_MODULE
